0 0.5 0 1
0.1 0.54992 0.01 0.90484
0.2 0.59933 0.02 0.81873
0.3 0.64776 0.03 0.74082
0.4 0.69471 0.04 0.67032
0.5 0.73971 0.05 0.60653
0.6 0.78232 0.06 0.54881
0.7 0.82211 0.07 0.49659
0.8 0.85868 0.08 0.44933
0.9 0.89166 0.09 0.40657
1 0.92074 0.1 0.36788
1.1 0.9456 0.11 0.33287
1.2 0.96602 0.12 0.30119
1.3 0.98178 0.13 0.27253
1.4 0.99272 0.14 0.2466
1.5 0.99875 0.15 0.22313
1.6 0.99979 0.16 0.2019
1.7 0.99583 0.17 0.18268
1.8 0.98692 0.18 0.1653
1.9 0.97315 0.19 0.14957
2 0.95465 0.2 0.13534
2.1 0.9316 0.21 0.12246
2.2 0.90425 0.22 0.1108
2.3 0.87285 0.23 0.10026
2.4 0.83773 0.24 0.090718
2.5 0.79924 0.25 0.082085
2.6 0.75775 0.26 0.074274
2.7 0.71369 0.27 0.067206
2.8 0.66749 0.28 0.06081
2.9 0.61962 0.29 0.055023
3 0.57056 0.3 0.049787
3.1 0.52079 0.31 0.045049
3.2 0.47081 0.32 0.040762
3.3 0.42113 0.33 0.036883
3.4 0.37223 0.34 0.033373
3.5 0.32461 0.35 0.030197
3.6 0.27874 0.36 0.027324
3.7 0.23508 0.37 0.024724
3.8 0.19407 0.38 0.022371
3.9 0.15612 0.39 0.020242
4 0.1216 0.4 0.018316
4.1 0.090861 0.41 0.016573
4.2 0.064212 0.42 0.014996
4.3 0.041917 0.43 0.013569
4.4 0.024199 0.44 0.012277
4.5 0.011235 0.45 0.011109
4.6 0.0031545 0.46 0.010052
4.7 3.8371e-05 0.47 0.0090953
4.8 0.0019177 0.48 0.0082297
4.9 0.0087737 0.49 0.0074466
5 0.020538 0.5 0.0067379
5.1 0.037093 0.51 0.0060967
5.2 0.058273 0.52 0.0055166
5.3 0.083866 0.53 0.0049916
5.4 0.11362 0.54 0.0045166
5.5 0.14723 0.55 0.0040868
5.6 0.18437 0.56 0.0036979
5.7 0.22466 0.57 0.003346
5.8 0.2677 0.58 0.0030276
5.9 0.31306 0.59 0.0027394
6 0.36029 0.6 0.0024788
6.1 0.40892 0.61 0.0022429
6.2 0.45846 0.62 0.0020294
6.3 0.50841 0.63 0.0018363
6.4 0.55827 0.64 0.0016616
6.5 0.60756 0.65 0.0015034
6.6 0.65577 0.66 0.0013604
6.7 0.70242 0.67 0.0012309
6.8 0.74706 0.68 0.0011138
6.9 0.78922 0.69 0.0010078
7 0.82849 0.7 0.00091188
7.1 0.86448 0.71 0.0008251
7.2 0.89683 0.72 0.00074659
7.3 0.92522 0.73 0.00067554
7.4 0.94935 0.74 0.00061125
7.5 0.969 0.75 0.00055308
7.6 0.98396 0.76 0.00050045
7.7 0.99408 0.77 0.00045283
7.8 0.99927 0.78 0.00040973
7.9 0.99947 0.79 0.00037074
8 0.99468 0.8 0.00033546
8.1 0.98494 0.81 0.00030354
8.2 0.97037 0.82 0.00027465
8.3 0.95109 0.83 0.00024852
8.4 0.9273 0.84 0.00022487
8.5 0.89924 0.85 0.00020347
8.6 0.8672 0.86 0.00018411
8.7 0.83148 0.87 0.00016659
8.8 0.79246 0.88 0.00015073
8.9 0.75051 0.89 0.00013639
9 0.70606 0.9 0.00012341
9.1 0.65955 0.91 0.00011167
9.2 0.61144 0.92 0.00010104
9.3 0.56223 0.93 9.1424e-05
9.4 0.51239 0.94 8.2724e-05
9.5 0.46242 0.95 7.4852e-05
9.6 0.41284 0.96 6.7729e-05
9.7 0.36412 0.97 6.1283e-05
9.8 0.31676 0.98 5.5452e-05
9.9 0.27123 0.99 5.0175e-05
10 0.22799 1 4.54e-05
