6.4432 5.0378 32.46
3.7861 4.8959 18.537
8.1158 8.7705 71.18
5.3283 3.5314 18.816
3.5073 4.4944 15.763
9.39 9.6353 90.476
8.7594 0.42298 3.705
5.5016 9.7296 53.528
6.2248 1.8921 11.778
5.8704 6.6712 39.163
2.0774 5.8644 12.183
3.0125 6.7511 20.338
4.7092 3.6102 17.001
2.3049 6.2028 14.297
8.4431 8.1115 68.486
1.9476 0.19257 0.37507
2.2592 0.83874 1.8949
1.7071 9.748 16.641
2.2766 6.5135 14.829
4.357 2.3124 10.075
3.111 4.0349 12.553
9.2338 1.2202 11.267
4.3021 2.6844 11.548
1.8482 2.5785 4.7654
9.0488 3.3167 30.012
9.7975 1.5223 14.915
4.3887 3.4801 15.273
1.1112 1.2166 1.3519
2.5806 8.8415 22.817
4.0872 0.94278 3.8533
5.949 9.3004 55.328
2.6221 3.9902 10.463
6.0284 0.47401 2.8576
7.1122 3.4237 24.35
2.2175 7.3597 16.32
1.1742 7.9468 9.331
2.9668 5.4491 16.166
3.1878 6.8622 21.875
4.2417 8.9363 37.905
5.0786 0.54792 2.7826
0.85516 3.0366 2.5968
2.6248 0.46192 1.2124
8.0101 1.9548 15.658
0.2922 7.2017 2.1043
9.2885 7.2175 67.04
7.3033 8.778 64.108
4.8861 5.8243 28.458
5.7853 0.70684 4.0893
2.3728 9.2274 21.895
4.5885 8.0037 36.725
9.6309 2.8595 27.539
5.4681 5.4366 29.728
5.2114 9.8478 51.32
2.3159 7.1568 16.575
4.889 8.3897 41.017
6.2406 4.3326 27.038
6.7914 4.7062 31.962
3.9552 5.6071 22.177
3.6744 2.6909 9.8874
9.8798 7.4902 74.002
0.37739 5.0389 1.9016
8.8517 6.4681 57.254
9.1329 3.0775 28.106
7.9618 1.3872 11.045
0.98712 4.7557 4.6945
2.6187 3.6246 9.4918
3.3536 7.8811 26.43
6.7973 7.803 53.039
1.3655 6.6851 9.1287
7.2123 1.335 9.6287
1.0676 0.21556 0.23013
6.5376 5.5984 36.6
4.9417 3.0082 14.866
7.7905 9.3941 73.185
7.1504 9.809 70.138
9.0372 2.8662 25.902
8.9092 8.0082 71.347
3.3416 8.9611 29.945
6.9875 5.9753 41.752
1.9781 8.8402 17.487
0.30541 9.4373 2.8822
7.4407 5.4916 40.861
5.0002 7.2839 36.421
4.7992 5.7676 27.68
9.0472 0.25857 2.3394
6.0987 4.4653 27.232
6.1767 6.463 39.92
8.5944 5.212 44.794
8.0549 3.7231 29.989
5.7672 9.3713 54.047
1.8292 8.2953 15.174
2.3993 8.4909 20.372
8.8651 3.7253 33.026
0.28674 5.9318 1.7009
4.899 8.7255 42.746
1.6793 9.335 15.676
9.7868 6.6846 65.421
7.1269 2.0678 14.737
5.0047 6.5385 32.723
4.7109 0.72052 3.3943
0.59619 4.0673 2.4249
6.8197 6.6693 45.483
0.42431 9.3373 3.9619
0.71445 8.1095 5.7939
5.2165 4.8455 25.276
0.9673 7.5675 7.32
8.1815 4.1705 34.121
8.1755 9.7179 79.448
7.2244 9.8797 71.375
1.4987 8.6415 12.951
6.5961 3.8888 25.651
5.1859 4.5474 23.583
9.7297 2.4669 24.002
6.4899 7.8442 50.908
8.0033 8.8284 70.656
4.538 9.1371 41.464
4.3239 5.5828 24.14
8.2531 5.9887 49.425
0.8347 1.4888 1.2427
1.3317 8.9971 11.982
1.7339 4.5039 7.8093
3.9094 2.0567 8.0405
8.3138 8.9965 74.795
8.0336 7.6259 61.263
0.60471 8.8249 5.3365
3.9926 2.8495 11.377
5.2688 6.7323 35.471
4.168 6.6428 27.687
6.5686 1.2281 8.0672
6.2797 4.0732 25.579
2.9198 2.7529 8.0379
4.3165 7.1667 30.935
0.15487 2.8338 0.43888
9.8406 8.962 88.192
1.6717 8.2658 13.818
1.0622 3.9003 4.1427
3.7241 4.979 18.542
1.9812 6.9481 13.765
4.8969 8.3437 40.858
3.3949 6.0963 20.697
9.5163 5.7474 54.694
9.2033 3.2604 30.007
0.52677 4.5642 2.4043
7.3786 7.138 52.668
2.6912 8.8441 23.801
4.2284 7.2086 30.48
5.4787 0.18613 1.0197
9.4274 6.7478 63.614
4.1774 4.3851 18.318
9.8305 4.3782 43.04
3.0145 1.1704 3.5281
7.011 8.1468 57.117
6.6634 3.2486 21.646
5.3913 2.4623 13.275
6.9811 3.4271 23.925
6.6653 3.7569 25.041
1.7813 5.4655 9.7359
1.2801 5.6192 7.1934
9.9908 3.9582 39.546
1.7112 3.9813 6.8129
0.32601 5.1537 1.6801
5.612 6.5753 36.901
8.8187 9.5092 83.858
6.6918 7.2235 48.338
1.9043 4.0008 7.6188
3.6892 8.3187 30.689
4.6073 1.3434 6.1893
9.8164 0.60467 5.9356
1.564 0.84247 1.3177
8.5552 1.639 14.022
6.4476 3.2422 20.905
3.7627 3.0173 11.353
1.9092 0.11681 0.22302
4.2825 5.3991 23.122
4.8202 0.95373 4.5972
1.2061 1.4651 1.7671
5.8951 6.3114 37.206
2.2619 8.5932 19.437
3.8462 9.7422 37.47
5.8299 5.7084 33.279
2.5181 9.9685 25.101
2.9044 5.5354 16.077
6.1709 5.1546 31.808
2.6528 3.3068 8.7724
8.2438 4.3 35.448
9.8266 4.9181 48.328
7.3025 0.71037 5.1875
3.4388 8.8774 30.527
5.8407 0.64634 3.775
1.0777 4.3618 4.7007
9.0631 8.2663 74.918
8.7965 3.9453 34.705
8.1776 6.1347 50.168
2.6073 8.1864 21.344
5.9436 8.8624 52.674
0.22513 9.3111 2.0962
4.2526 1.9078 8.1133
3.1272 2.5858 8.0864
1.6148 8.9787 14.499
1.7877 5.9336 10.607
4.2289 5.0384 21.307
0.94229 6.1281 5.7745
5.9852 8.1942 49.044
4.7092 5.3189 25.048
6.9595 2.0208 14.063
6.9989 4.5389 31.767
6.3853 4.2791 27.323
0.33604 9.6605 3.2463
0.68806 6.2006 4.2664
3.196 6.9539 22.225
5.3086 7.2016 38.231
6.5445 3.469 22.702
4.0762 5.1699 21.074
8.1998 5.5669 45.648
7.1836 1.565 11.242
9.6865 5.6206 54.444
5.3133 6.948 36.917
3.2515 4.2646 13.866
1.0563 8.3627 8.8335
6.1096 7.3139 44.685
7.788 3.6003 28.039
4.2345 4.5421 19.234
0.90823 3.8639 3.5093
2.6647 7.7555 20.666
1.5366 7.3427 11.283
2.8101 4.3028 12.091
4.4009 6.9375 30.531
5.2714 9.4521 49.826
4.5742 7.8423 35.873
8.7537 7.0557 61.764
5.1805 1.0933 5.6641
9.4362 3.8993 36.795
6.3771 5.909 37.683
9.5769 4.5938 43.995
2.4071 0.5034 1.2117
6.7612 2.2869 15.462
2.8906 8.3419 24.113
6.7181 0.15645 1.051
6.9514 8.6371 60.04
0.67993 0.78069 0.53081
2.5479 6.6904 17.047
2.2404 5.0021 11.207
6.6783 2.1799 14.558
8.4439 5.7162 48.267
3.4446 1.2219 4.209
7.8052 6.7117 52.386
6.7533 5.9959 40.492
0.067153 0.55976 0.03759
6.0217 0.56343 3.3928
3.8677 1.525 5.8983
9.1599 0.19621 1.7973
0.011511 4.3518 0.050091
4.6245 8.3222 38.486
4.2435 6.1739 26.199
4.6092 5.2013 23.974
7.7016 8.6387 66.532
3.2247 0.97698 3.1505
7.8474 9.0805 71.258
4.7136 1.0802 5.0914
0.35763 5.17 1.8489
1.7587 1.4316 2.5177
7.2176 5.5937 40.373
4.7349 0.045796 0.21684
1.5272 7.6668 11.709
3.4112 8.4871 28.952
6.0739 9.1682 55.687
1.9175 9.8697 18.925
7.3843 5.0513 37.3
2.4285 2.7142 6.5915
9.1742 1.0075 9.2431
2.6906 5.0785 13.664
7.655 5.8561 44.828
1.8866 7.6289 14.393
2.875 0.82963 2.3852
0.91113 6.616 6.028
5.7621 5.1698 29.789
6.8336 1.7105 11.689
5.4659 9.3856 51.301
4.2573 5.9048 25.139
6.4444 4.4063 28.396
6.4762 9.4192 61
6.7902 6.5591 44.538
6.3579 4.5195 28.734
9.4517 8.397 79.366
2.0893 5.3262 11.128
7.0928 5.5389 39.286
2.3623 6.8007 16.065
1.194 3.6719 4.3841
6.073 2.3929 14.532
4.5014 5.7892 26.06
4.5873 8.6689 39.766
6.6194 4.0678 26.926
7.7029 1.1262 8.6746
3.5022 4.4385 15.544
6.6201 3.0018 19.872
4.1616 4.0139 16.704
8.4193 8.3336 70.163
8.3292 4.0363 33.619
2.5644 3.9018 10.006
6.1346 3.6045 22.112
5.8225 1.4026 8.1664
5.4074 2.6013 14.066
8.6994 0.86815 7.5524
2.6478 4.294 11.37
3.1807 2.5728 8.1835
1.1921 2.9756 3.5473
9.3983 4.2486 39.929
6.4555 1.1921 7.6954
4.7946 4.9507 23.737
6.3932 7.0641 45.162
5.4472 2.4357 13.268
6.4731 7.8507 50.818
5.4389 0.7409 4.0296
7.2105 3.9388 28.401
5.225 0.033941 0.17734
9.937 2.2068 21.929
2.1868 0.013006 0.02844
1.058 1.8918 2.0015
1.097 1.4248 1.563
0.63591 2.6808 1.7047
4.0458 1.7489 7.0758
4.4837 1.3865 6.2166
3.6582 5.9889 21.908
7.635 9.0106 68.796
6.279 9.3938 58.983
7.7198 2.2118 17.075
9.3285 4.8267 45.026
9.7274 3.7601 36.576
1.9203 5.2378 10.058
1.3887 2.6487 3.6784
6.9627 0.68357 4.7595
0.9382 4.3633 4.0936
5.254 1.7385 9.1343
5.3034 0.26107 1.3846
8.6114 9.5468 82.211
4.8485 4.306 20.878
3.9346 9.6156 37.833
6.7143 7.6241 51.191
7.4126 0.073487 0.54473
5.2005 6.8004 35.366
3.4771 7.0595 24.547
1.5 6.4513 9.6768
5.8609 5.5231 32.37
2.6215 2.1811 5.7176
0.44454 7.7237 3.4335
7.5493 2.2803 17.215
2.4279 3.7086 9.0041
4.424 8.9093 39.415
6.878 8.5638 58.901
3.5923 4.0243 14.457
7.3634 3.1802 23.417
3.9471 6.0864 24.023
6.8342 9.102 62.204
7.0405 9.091 64.005
4.4231 5.9159 26.167
0.19578 3.3257 0.6511
3.3086 8.5306 28.224
4.2431 4.424 18.771
2.7027 9.0436 24.442
1.9705 0.33179 0.65381
8.2172 5.3243 43.751
4.2992 7.165 30.804
8.8777 1.793 15.918
3.9118 3.3653 13.165
7.6911 1.8771 14.437
3.9679 3.2193 12.774
8.0851 4.0386 32.652
7.5508 5.4857 41.421
3.774 0.48739 1.8394
2.1602 5.5273 11.94
7.9041 2.7481 21.721
9.493 2.415 22.926
3.2757 2.4315 7.9646
6.7126 1.5416 10.348
4.3864 9.5642 41.953
8.335 9.3566 77.987
7.6885 8.1871 62.947
1.6725 7.2826 12.18
8.6198 1.7581 15.155
9.8987 3.6037 35.672
5.1442 1.8879 9.7118
8.8428 0.011984 0.10597
5.8803 3.1642 18.606
1.5475 6.9962 10.827
1.9986 6.2526 12.497
4.0695 5.4306 22.1
7.4871 4.3904 32.871
8.2558 2.8743 23.73
7.8996 5.0166 39.629
3.1852 7.6155 24.257
5.3406 7.6241 40.717
0.89951 5.7606 5.1817
1.1171 7.4766 8.3518
1.3629 6.4553 8.7982
6.7865 1.2322 8.3623
4.9518 5.044 24.977
1.8971 3.4726 6.5879
4.9501 0.92148 4.5614
1.4761 1.4785 2.1824
0.54974 1.9817 1.0894
8.5071 6.7227 57.191
5.6056 4.3151 24.189
9.2961 6.944 64.552
6.9667 2.5678 17.889
5.8279 0.097586 0.56873
8.154 5.3228 43.402
8.7901 2.7939 24.559
9.8891 9.4623 93.574
0.0052238 9.0644 0.04735
8.6544 3.9268 33.984
6.1257 0.24855 1.5225
9.8995 6.7144 66.469
5.2768 8.3717 44.176
4.7952 9.715 46.586
8.0135 0.56933 4.5623
2.2784 4.5032 10.26
4.9809 5.8247 29.013
9.0085 6.8664 61.856
5.7466 7.1943 41.343
8.4518 6.5004 54.94
7.3864 7.2691 53.693
5.8599 3.7385 21.907
2.4673 5.8158 14.35
6.6642 1.1612 7.7383
0.83483 0.57654 0.48131
6.2596 9.7977 61.329
6.6094 2.8482 18.825
7.2975 5.9497 43.418
8.9075 9.6216 85.705
9.823 1.8578 18.249
7.6903 1.9304 14.845
5.8145 3.4164 19.865
9.2831 9.329 86.602
5.8009 3.9067 22.662
0.16983 2.7322 0.464
1.2086 1.5195 1.8364
8.6271 3.9711 34.259
4.843 3.7472 18.148
8.4486 1.3111 11.077
2.0941 4.3504 9.11
5.5229 0.91513 5.0542
6.2988 6.1463 38.714
0.31991 0.10979 0.035123
6.1471 5.7326 35.239
3.6241 7.8973 28.621
0.49533 2.3537 1.1658
4.8957 4.4802 21.934
1.9251 5.6936 10.961
1.2308 0.61401 0.75575
2.0549 4.9629 10.198
1.4651 6.4232 9.4109
1.8907 2.2127 4.1835
0.42652 8.3706 3.5702
6.352 9.7108 61.682
2.8187 8.4637 23.856
5.386 5.06 27.253
6.9516 2.7888 19.386
4.9912 7.4662 37.265
5.358 2.3693 12.695
4.4518 9.5735 42.619
1.2393 6.2026 7.687
4.9036 6.0026 29.434
8.53 1.726 14.723
8.7393 0.90347 7.8956
2.7029 2.5526 6.8996
2.0846 8.5857 17.898
5.6498 9.1107 51.473
6.4031 6.9963 44.798
4.1703 7.2518 30.242
2.0598 2.2989 4.7351
9.4793 5.7605 54.606
0.82071 8.1063 6.6529
1.0571 4.0384 4.269
1.4204 9.8844 14.04
1.6646 0.89999 1.4981
6.2096 3.2094 19.929
5.7371 5.1141 29.34
0.52078 0.60606 0.31563
9.312 7.2569 67.576
7.2866 5.5656 40.554
7.3784 5.2936 39.058
0.63405 8.2998 5.2625
8.6044 8.5876 73.891
9.3441 7.8903 73.727
9.844 3.1783 31.287
8.5894 4.5221 38.842
7.8556 7.5223 59.092
5.1338 1.0986 5.6401
1.776 1.0974 1.9491
3.9859 2.6988 10.757
1.3393 5.2464 7.0265
0.3089 9.7265 3.0045
9.3914 7.1041 66.717
3.0131 3.1186 9.3965
2.9553 2.9146 8.6135
3.3294 8.5036 28.311
4.6707 9.1165 42.58
6.482 6.3928 41.438
0.25228 2.5537 0.64425
8.4221 0.88666 7.4675
5.5903 8.3826 46.861
8.541 5.8472 49.941
3.4788 9.4811 32.983
4.4603 0.61029 2.7221
0.54239 5.8464 3.1711
1.7711 2.8511 5.0495
6.6281 8.2773 54.863
3.3083 1.9099 6.3184
8.9849 4.4253 39.761
1.1816 3.9341 4.6484
9.8842 8.2657 81.7
5.3998 6.7687 36.55
7.0692 2.076 14.676
9.9949 3.181 31.794
2.8785 1.3381 3.8517
4.1452 6.7146 27.834
4.6484 5.7099 26.542
7.6396 1.6977 12.969
8.182 1.4766 12.081
1.0022 4.7608 4.7713
1.7812 9.081 16.175
3.5963 5.5218 19.858
0.56705 0.3294 0.18678
5.2189 0.53863 2.811
3.3585 8.0506 27.038
1.7567 4.5137 7.9293
2.0895 3.8265 7.9953
9.0515 7.8964 71.475
6.7539 3.6429 24.604
4.6847 5.3235 24.939
9.1213 7.1166 64.913
1.0401 8.7148 9.0644
7.4555 3.2869 24.505
7.3627 6.5012 47.866
5.6186 9.7484 54.772
1.8419 0.75967 1.3993
5.9721 5.8702 35.057
2.9994 4.1389 12.414
1.3412 3.0914 4.1462
2.126 2.6383 5.6092
8.9494 7.5877 67.905
0.71453 9.9522 7.1111
2.4249 1.8657 4.5241
0.53754 7.8115 4.199
4.4172 1.958 8.6488
0.13283 9.9236 1.3182
8.9719 8.0226 71.978
1.9666 4.2423 8.3428
0.93371 7.2886 6.8054
3.0737 4.9835 15.318
4.5606 8.0899 36.895
1.0167 3.5651 3.6246
9.9539 0.73243 7.2906
3.3209 5.9099 19.626
2.9735 9.1019 27.064
0.62045 1.9377 1.2022
2.9824 4.3237 12.895
0.46351 7.4916 3.4725
5.0543 0.39184 1.9805
7.6143 9.4632 72.056
6.3107 7.6367 48.193
0.89892 5.5882 5.0233
0.80862 1.8384 1.4866
7.7724 4.9795 38.703
9.0513 5.1785 46.872
5.3377 9.9424 53.07
1.0915 8.5485 9.3311
8.2581 9.624 79.476
3.381 6.7894 22.955
2.9397 4.035 11.862
7.4631 9.3498 69.779
0.10337 4.7948 0.49562
0.48447 2.3179 1.123
6.6792 3.9629 26.469
6.0347 7.0508 42.549
5.261 5.5856 29.386
7.2971 7.5663 55.212
7.0725 9.9548 70.406
7.8138 9.6243 75.202
2.8798 5.3507 15.409
6.9253 9.6387 66.751
5.5667 1.1563 6.4365
3.9652 0.51448 2.04
0.61591 3.0435 1.8745
7.8018 5.8019 45.265
3.3758 5.3096 17.925
6.0787 9.0121 54.781
7.4125 5.4055 40.069
1.0481 4.3198 4.5277
1.2789 5.4267 6.9401
5.4954 7.1241 39.15
4.8523 0.16675 0.80911
8.9048 8.0092 71.32
7.9896 1.4251 11.386
7.3434 4.7847 35.136
0.51332 2.5684 1.3184
0.72885 3.6909 2.6901
0.88527 6.6176 5.8584
7.9835 1.6961 13.541
9.4301 2.7878 26.29
6.8372 1.9822 13.553
1.3208 1.9507 2.5766
7.2272 3.2684 23.622
1.1035 8.8034 9.7148
1.1749 4.711 5.5351
6.4072 4.0397 25.883
3.2881 1.7923 5.8934
6.5381 9.6892 63.349
7.4913 4.0746 30.524
5.8319 8.4449 49.249
7.4003 6.1533 45.536
2.3483 3.7661 8.8438
7.3496 8.7718 64.469
9.706 7.8485 76.178
8.6693 4.6495 40.308
0.86235 8.1398 7.0193
3.6644 8.9844 32.922
3.692 4.2924 15.847
6.8503 3.3433 22.903
5.9794 5.9665 35.676
7.8936 9.0199 71.2
3.6765 7.0207 25.812
2.0603 3.7746 7.7766
0.86667 7.3496 6.3696
7.7193 9.541 73.65
2.0567 5.4281 11.164
3.8827 5.4011 20.971
5.5178 3.1111 17.166
2.2895 0.71235 1.6309
6.4194 1.8198 11.682
4.8448 0.92989 4.5051
1.5185 4.6349 7.0379
7.8193 0.093325 0.72974
1.0061 9.1503 9.2057
2.9407 6.4274 18.901
2.3737 0.014191 0.033685
5.3087 0.30385 1.6131
0.91499 2.0847 1.9075
4.0532 4.5497 18.44
1.0485 1.2727 1.3343
1.1228 0.086477 0.0971
7.8443 7.2708 57.034
2.9157 3.5412 10.325
6.0353 7.8045 47.103
9.6442 4.3666 42.112
4.3248 4.3655 18.88
6.9475 0.49213 3.4191
7.581 0.49632 3.7626
4.3264 0.911 3.9414
6.555 5.9404 38.939
1.0976 2.4108 2.646
9.3376 8.4137 78.564
1.8746 8.5721 16.069
2.6618 9.6361 25.649
7.9783 4.889 39.006
4.876 2.2031 10.742
7.6896 2.2621 17.395
3.9601 5.3679 21.257
2.7294 7.6211 20.801
0.37235 3.4757 1.2942
6.7329 4.6123 31.054
4.2956 6.3932 27.463
4.5174 9.1734 41.44
6.0986 1.6157 9.8536
0.59403 7.1564 4.2511
3.1581 5.7774 18.246
7.7272 4.333 33.482
6.9643 8.8424 61.582
1.2533 3.9305 4.9262
1.3015 1.7898 2.3294
0.92352 6.3333 5.849
0.078203 6.24 0.48799
4.2311 3.2794 13.876
6.5557 8.0297 52.64
7.2292 9.9948 72.255
5.3121 9.8098 52.11
1.0882 1.2704 1.3824
6.3177 2.3224 14.672
1.265 0.23632 0.29895
1.343 6.0743 8.158
0.98594 1.1081 1.0925
1.4203 4.0746 5.787
1.6825 8.8408 14.875
1.9625 5.4813 10.757
3.1748 3.69 11.715
3.1643 2.0835 6.5927
2.1756 4.4094 9.5933
2.5104 9.562 24.005
8.9292 1.2403 11.075
7.0322 4.7076 33.105
5.5574 8.569 47.621
1.8443 0.4339 0.80027
2.1203 6.9163 14.665
0.77347 9.7899 7.5721
9.138 2.8327 25.885
7.0672 1.3378 9.4545
5.5779 6.8528 38.224
3.1343 9.0945 28.505
1.662 6.1087 10.153
6.225 8.9998 56.024
9.8793 1.9343 19.11
1.7043 7.5442 12.858
2.5779 3.4626 8.9263
3.968 4.1863 16.611
0.73995 1.5572 1.1522
6.841 8.19 56.028
4.0239 6.2492 25.146
9.8284 7.3856 72.588
4.0218 8.0511 32.38
6.2067 0.67223 4.1723
1.5437 9.5079 14.677
3.8135 4.9758 18.975
1.6113 7.5515 12.168
7.5811 7.4241 56.283
8.7111 8.3113 72.401
3.5078 1.565 5.4897
6.8554 4.5731 31.35
2.9415 6.181 18.181
5.3063 9.3218 49.464
8.3242 8.3509 69.515
5.9749 8.9542 53.501
3.3531 5.8252 19.533
2.9923 5.8275 17.437
4.5259 8.5493 38.693
4.2265 0.34866 1.4736
3.5961 8.8542 31.84
5.5832 4.0773 22.764
7.4255 0.36382 2.7015
4.2433 7.4615 31.662
4.2936 1.5483 6.6477
1.2487 1.4391 1.797
0.24434 6.0596 1.4806
2.9019 2.5448 7.3847
3.1752 3.2415 10.293
6.5369 4.0179 26.265
9.5694 4.0637 38.887
9.3573 3.8619 36.137
4.5789 6.098 27.922
2.4048 1.6689 4.0134
7.639 1.8809 14.368
7.5933 0.94629 7.1854
7.4065 3.2319 23.937
7.4369 7.696 57.234
1.0592 2.3412 2.4798
6.8156 7.4037 50.46
4.6326 6.9282 32.096
2.1216 8.2408 17.484
0.98519 8.2798 8.1571
8.2357 2.9337 24.161
1.7501 3.0937 5.4143
1.6357 5.2303 8.5552
6.6599 3.253 21.664
8.9439 8.3184 74.399
5.1656 8.1029 41.856
7.027 5.57 39.14
1.5359 2.6296 4.0389
9.5346 6.8057 64.889
5.4088 2.3365 12.638
6.7973 4.5643 31.025
0.36563 3.8457 1.4061
8.092 5.386 43.584
7.4862 9.917 74.241
1.2019 7.5522 9.0768
5.2505 9.8045 51.478
3.2583 2.3478 7.65
5.4645 5.2856 28.883
3.9888 0.51436 2.0517
4.1509 7.5688 31.417
1.8074 6.0198 10.88
2.5539 8.5717 21.891
0.20536 9.8828 2.0295
9.2368 9.2948 85.854
6.537 4.0951 26.77
9.3261 0.0034146 0.031845
1.6351 5.4088 8.844
9.211 2.0773 19.134
7.9466 2.1928 17.426
5.7739 3.2581 18.812
4.4004 0.95949 4.2221
2.5761 7.4753 19.257
7.5195 7.4851 56.284
2.2867 5.433 12.424
0.64187 3.3813 2.1704
7.6733 8.3233 63.867
6.712 5.5257 37.089
7.1521 9.5754 68.485
6.4206 8.9283 57.325
4.1905 3.565 14.939
3.9076 5.464 21.351
8.1614 3.4668 28.294
3.1743 6.228 19.769
8.1454 7.9662 64.888
7.8907 7.4587 58.855
8.5226 1.2554 10.699
5.0564 8.2239 41.583
6.3566 0.25151 1.5987
9.5089 4.1443 39.408
4.4396 7.3141 32.472
0.60019 7.8137 4.6897
8.6675 3.6729 31.835
6.3119 7.4487 47.015
3.5507 8.9227 31.682
9.97 2.426 24.188
2.2417 1.296 2.9052
6.5245 2.2507 14.685
6.0499 3.5001 21.176
3.8725 2.8708 11.117
1.4219 9.2749 13.188
0.25135 0.51314 0.12898
4.2111 5.9267 24.958
1.841 1.629 2.999
7.2578 8.3841 60.849
3.7036 1.6756 6.2058
8.4156 5.022 42.263
7.3423 9.9933 73.374
5.7103 3.5541 20.295
1.7686 0.47078 0.83259
9.5738 2.1366 20.456
2.6532 3.9784 10.556
9.2458 3.3367 30.85
2.2377 2.296 5.1378
3.7356 9.3612 34.97
0.875 6.8319 5.9779
6.4012 9.6211 61.586
1.8062 4.3797 7.9105
0.45051 9.4034 4.2363
7.2317 0.058343 0.42192
3.4744 6.1031 21.204
6.6062 8.0108 52.92
3.8387 2.3298 8.9434
6.2735 9.3247 58.498
0.2165 7.6326 1.6524
9.1057 8.2645 75.254
8.0056 5.7346 45.909
7.4585 7.9258 59.115
8.1311 3.2904 26.755
3.8331 2.2346 8.5654
6.1728 3.1239 19.283
5.7549 5.8452 33.639
5.3005 8.2991 43.99
2.7507 2.9046 7.9897
2.4863 4.0255 10.009
4.5164 8.6206 38.934
2.2771 6.1474 13.998
8.0445 9.9119 79.736
9.861 2.037 20.087
0.29992 8.2721 2.481
5.3566 6.7586 36.203
0.87077 2.4895 2.1678
8.0209 4.7579 38.162
9.8914 3.9908 39.474
0.66946 5.9944 4.013
9.394 8.0052 75.201
0.18178 1.0507 0.19099
6.8384 8.2144 56.173
7.8374 8.4109 65.919
5.3414 3.5451 18.936
8.8536 4.3007 38.077
8.99 5.7224 51.445
6.2594 7.0082 43.867
1.3787 7.4247 10.236
2.178 7.5788 16.507
1.8214 3.8913 7.0876
0.4182 4.293 1.7953
1.0694 9.5634 10.227
6.1644 5.7297 35.32
9.3966 8.4972 79.845
3.5446 2.7635 9.7952
4.1063 6.2232 25.554
9.8435 5.8836 57.915
9.4558 9.6347 91.104
6.7664 0.85903 5.8126
9.883 5.005 49.464
7.6683 5.2159 39.997
3.367 0.90166 3.0359
6.6238 9.0467 59.923
2.4417 8.8439 21.594
2.9551 4.3899 12.972
6.8018 7.8172 53.171
5.2785 1.4847 7.8367
4.1159 6.1982 25.511
6.0264 2.6062 15.706
7.5052 4.4566 33.447
5.8353 8.44 49.25
5.5179 1.962 10.826
5.8357 3.0385 17.732
5.1182 4.8329 24.736
0.82593 3.3781 2.7901
7.1957 7.9849 57.457
9.9616 9.8749 98.369
3.5453 1.5905 5.6388
9.7126 2.3688 23.007
3.4645 7.0224 24.329
8.8654 3.7547 33.287
4.5469 9.737 44.274
4.1343 9.7231 40.198
2.1773 6.437 14.015
1.2565 8.601 10.808
3.0891 4.0188 12.415
7.261 6.3193 45.885
7.8287 9.8524 77.131
6.9379 5.5948 38.816
0.098023 9.3359 0.91513
8.4321 7.2034 60.74
9.2233 4.8404 44.644
7.7095 6.3903 49.266
0.4266 8.8764 3.7866
3.7819 1.9874 7.5159
7.0434 3.9537 27.847
7.2951 9.9218 72.38
2.2428 4.0235 9.0238
2.6905 6.5886 17.727
6.7303 9.0135 60.664
4.7749 9.9538 47.529
6.2372 6.5316 40.739
2.3644 1.0844 2.5639
1.7712 0.36114 0.63967
8.2964 6.1809 51.28
7.6692 5.6714 43.496
9.3448 9.6196 89.894
1.0789 7.4611 8.0497
1.8223 6.6252 12.073
0.99095 5.2331 5.1858
4.8976 2.5989 12.729
1.9325 9.6199 18.59
8.9589 5.402 48.396
0.9909 0.3027 0.29995
0.44166 6.9631 3.0753
5.573 5.1972 28.964
7.725 0.59031 4.5601
3.1194 8.9004 27.764
1.7898 3.302 5.91
3.3896 2.297 7.7859
2.1015 1.1395 2.3946
5.1015 3.1092 15.862
9.0636 2.2843 20.704
6.2892 6.52 41.006
1.0153 0.6616 0.67175
3.9085 2.7543 10.765
0.54617 2.8182 1.5392
5.0128 8.8007 44.116
4.3172 4.4433 19.183
9.9756 7.5591 75.407
8.116 6.033 48.964
4.8565 7.8327 38.039
8.9445 1.1393 10.191
1.3755 9.7856 13.46
3.9 8.486 33.096
9.2736 0.50646 4.6967
9.1749 4.662 42.774
7.1357 3.2565 23.238
6.1834 6.3021 38.968
3.4329 2.303 7.9059
9.3603 5.7988 54.279
1.2477 6.0316 7.5258
7.3059 5.9988 43.826
6.4648 4.4843 28.99
8.3315 0.35423 2.9513
3.9828 5.1381 20.464
7.4982 4.0773 30.573
8.3522 1.0805 9.0242
3.2246 4.5988 14.829
5.5226 4.5088 24.901
9.7913 5.5114 53.964
5.4931 8.054 44.242
3.3042 7.0085 23.158
6.1947 8.7224 54.033
3.6064 0.52192 1.8822
7.5651 2.1968 16.619
4.139 4.5964 19.025
4.9235 9.5853 47.193
6.9474 7.9005 54.888
9.7273 4.5187 43.955
3.2775 3.3343 10.928
8.378 0.59095 4.951
7.3907 7.4091 54.758
9.5417 5.0679 48.357
0.31923 1.9993 0.63821
3.5687 4.2719 15.245
6.6265 1.6869 11.178
2.815 7.5169 21.16
2.3038 3.6835 8.4862
7.1113 9.4182 66.975
6.2457 0.17173 1.0726
5.9061 8.2906 48.965
6.6044 6.2659 41.382
0.47555 5.3875 2.562
3.4878 6.5051 22.689
4.5134 7.2663 32.796
2.409 0.94489 2.2763
7.1505 8.7757 62.75
8.5618 0.14362 1.2297
2.8151 2.943 8.2848
7.3105 1.7991 13.153
1.3776 9.2629 12.761
8.3672 0.6818 5.7048
1.386 5.8109 8.0541
5.8821 6.3715 37.478
3.6616 6.5127 23.847
8.0676 8.6462 69.754
